0,0,8,25
0,1,20,23
2,2,21,14
2,3,22,19
2,4,7,11
2,5,2,17
8,6,15,22
11,7,13,3
11,8,20,19
11,9,11,4
11,10,20,4
12,11,25,10
13,12,19,12
18,13,21,8
18,14,5,20
21,15,15,3
22,16,16,2
22,17,10,8
37,18,9,11
37,19,21,18
37,20,7,15
40,21,12,16
40,22,1,20
47,23,23,25
47,24,16,19
50,25,2,15
59,26,3,12
70,27,8,11
75,28,2,17
75,29,6,21
79,30,8,12
79,31,19,16
79,32,1,21
85,33,23,10
87,34,23,6
87,35,17,24
87,36,8,25
88,37,7,25
95,38,17,9
107,39,14,21
108,40,21,12
108,41,21,20
113,42,23,14
116,43,16,1
116,44,6,17
116,45,9,18
121,46,13,10
131,47,14,12
131,48,13,10
134,49,4,24
134,50,5,17
134,51,10,6
137,52,10,16
142,53,9,11
143,54,14,15
143,55,3,6
143,56,4,20
146,57,2,1
148,58,11,8
148,59,21,9
152,60,14,10
155,61,2,23
158,62,13,7
163,63,14,20
166,64,11,3
166,65,22,11
166,66,15,14
169,67,24,9
175,68,7,16
180,69,20,18
180,70,25,21
182,71,17,20
182,72,12,7
182,73,18,25
189,74,14,2
189,75,8,20
189,76,7,24
189,77,5,17
191,78,4,12
191,79,21,11
191,80,17,25
191,81,13,4
194,82,11,13
195,83,3,20
198,84,23,24
201,85,17,9
203,86,13,4
203,87,23,6
210,88,1,21
210,89,7,1
220,90,4,20
224,91,6,22
224,92,6,25
224,93,12,18
224,94,23,14
230,95,10,25
230,96,23,8
239,97,4,11
239,98,18,11
246,99,14,22
246,100,18,20
265,101,3,15
265,102,5,3
265,103,19,7
265,104,21,6
270,105,5,3
274,106,25,19
275,107,25,6
281,108,3,21
288,109,21,13
288,110,22,8
293,111,23,14
297,112,3,11
297,113,3,17
297,114,8,24
297,115,2,6
297,116,15,4
298,117,6,3
301,118,17,11
306,119,11,5
306,120,24,2
313,121,7,8
313,122,8,16
313,123,11,22
317,124,10,24
323,125,7,24
323,126,9,8
323,127,13,17
331,128,22,14
331,129,20,17
331,130,13,10
340,131,2,13
340,132,10,11
343,133,8,17
343,134,1,6
346,135,5,4
346,136,14,10
352,137,3,11
352,138,19,12
352,139,21,5
355,140,19,21
365,141,10,3
366,142,15,14
368,143,4,6
372,144,4,2
372,145,5,14
380,146,17,21
383,147,1,6
383,148,12,16
383,149,12,10
391,150,21,3
394,151,21,11
406,152,9,12
406,153,16,18
408,154,4,10
408,155,14,2
408,156,25,18
408,157,9,13
409,158,4,12
409,159,2,8
410,160,4,20
420,161,13,21
420,162,15,25
430,163,6,24
430,164,18,5
436,165,25,4
436,166,21,8
436,167,16,20
444,168,3,22
450,169,6,20
454,170,3,4
454,171,5,20
467,172,17,5
467,173,23,14
467,174,14,10
467,175,19,24
472,176,10,2
476,177,21,20
476,178,11,20
476,179,15,13
476,180,24,25
478,181,20,9
478,182,9,12
479,183,21,20
480,184,17,3
485,185,17,6
490,186,21,7
490,187,6,18
499,188,24,13
505,189,6,3
507,190,3,18
510,191,22,10
510,192,2,13
510,193,11,21
516,194,3,11
521,195,7,20
521,196,23,9
528,197,16,20
535,198,20,11
543,199,24,19