0,0,1,13
2,1,21,1
2,2,1,13
2,3,18,1
6,4,10,1
12,5,1,13
15,6,16,1
16,7,1,13
29,8,1,13
29,9,1,11
29,10,17,1
29,11,1,13
29,12,2,1
29,13,22,14
38,14,13,1
42,15,13,1
44,16,21,16
45,17,1,13
57,18,1,13
61,19,1,3
65,20,13,1
68,21,14,21
76,22,13,1
76,23,13,1
78,24,13,1
78,25,1,7
84,26,25,1
84,27,1,13
87,28,24,1
87,29,17,14
97,30,16,18
111,31,1,13
111,32,1,11
118,33,1,13
125,34,1,11
139,35,1,13
141,36,16,1
143,37,13,1
153,38,17,18
160,39,1,13
163,40,1,13
166,41,20,1
167,42,1,13
169,43,13,1
169,44,1,13
169,45,23,1
169,46,1,13
170,47,1,7
182,48,16,1
182,49,6,1
193,50,1,8
197,51,13,1
197,52,5,1
199,53,20,1
202,54,25,14
213,55,1,5
216,56,10,1
229,57,1,13
229,58,13,1
231,59,1,5
231,60,6,1
236,61,13,1
241,62,13,1
241,63,20,1
251,64,3,1
253,65,1,13
253,66,1,13
254,67,1,11
259,68,13,1
259,69,14,23
259,70,6,1
259,71,1,2
260,72,13,1
269,73,13,1
269,74,14,19
275,75,13,1
280,76,1,13
286,77,1,13
286,78,13,1
290,79,1,13
290,80,1,12
300,81,1,13
300,82,1,13
300,83,17,19
303,84,24,1
310,85,1,7
321,86,1,13
324,87,13,1
325,88,21,24
325,89,8,1
325,90,13,1
333,91,1,13
333,92,10,1
333,93,18,1
342,94,13,1
347,95,1,13
350,96,24,21
355,97,1,13
356,98,1,13
356,99,1,12
359,100,13,1
359,101,13,1
359,102,1,6
365,103,13,1
366,104,13,1
371,105,1,8
374,106,13,1
382,107,14,17
383,108,14,1
383,109,1,13
386,110,17,1
386,111,13,1
394,112,1,13
394,113,1,10
403,114,1,13
411,115,1,12
418,116,2,1
418,117,22,19
428,118,1,13
428,119,1,13
428,120,8,1
436,121,25,1
437,122,1,13
444,123,13,1
451,124,1,11
454,125,1,13
454,126,6,1
454,127,1,13
454,128,1,13
460,129,10,1
460,130,1,13
460,131,13,1
466,132,25,21
468,133,1,13
476,134,17,16
479,135,1,13
480,136,1,11
480,137,1,13
486,138,1,13
486,139,1,8
486,140,1,5
486,141,18,1
488,142,14,23
488,143,1,13
492,144,19,1
492,145,1,13
496,146,13,1
497,147,22,24
502,148,1,13
509,149,12,1
509,150,1,13
513,151,24,18
513,152,4,1
516,153,1,13
531,154,1,13
535,155,1,13
538,156,1,13
539,157,1,13
540,158,6,1
546,159,16,21
552,160,18,20
559,161,1,13
566,162,1,13
578,163,14,15
578,164,22,16
582,165,13,1
585,166,18,24
591,167,22,19
597,168,1,13
597,169,1,13
597,170,1,13
603,171,21,15
612,172,1,13
618,173,14,21
618,174,17,22
621,175,1,13
623,176,13,1
632,177,1,13
637,178,13,1
641,179,13,1
644,180,23,15
651,181,14,18
655,182,20,25
669,183,1,13
681,184,1,13
681,185,1,13
682,186,1,13
682,187,1,13
687,188,21,18
687,189,6,1
689,190,13,1
694,191,14,18
703,192,1,13
703,193,13,1
705,194,23,1
712,195,1,13
715,196,13,1
717,197,25,23
720,198,16,1
720,199,2,1
722,200,1,13
730,201,1,13
730,202,7,1
731,203,12,1
741,204,20,22
741,205,13,1
745,206,1,13
752,207,1,6
752,208,10,1
753,209,19,21
760,210,16,21
760,211,16,14
760,212,1,6
760,213,13,1
762,214,15,1
774,215,13,1
778,216,13,1
782,217,1,3
788,218,13,1
798,219,1,13
801,220,1,5
807,221,1,6
807,222,17,1
815,223,13,1
815,224,13,1
815,225,13,1
815,226,25,14
815,227,1,3
819,228,3,1
822,229,1,13
829,230,1,13
829,231,1,9
832,232,21,23
837,233,13,1
844,234,1,13
853,235,9,1
853,236,1,6
857,237,13,1
857,238,1,13
860,239,1,13
866,240,13,1
867,241,1,13
877,242,1,13
880,243,20,19
880,244,13,1
882,245,18,1
892,246,1,9
904,247,1,13
904,248,1,11
908,249,1,9
908,250,1,2
909,251,6,1
912,252,1,13
920,253,1,13
928,254,1,13
939,255,1,13
948,256,21,1
948,257,13,1
952,258,13,1
953,259,1,13
956,260,1,13
956,261,17,20
956,262,13,1
961,263,1,13
968,264,13,1
975,265,1,12
975,266,18,22
986,267,13,1
987,268,1,13
987,269,1,13
991,270,1,13
996,271,14,1
1003,272,13,1
1008,273,19,24
1017,274,1,13
1020,275,19,20
1020,276,11,1
1023,277,1,7
1026,278,10,1
1026,279,13,1
1038,280,1,13
1038,281,23,22
1039,282,1,13
1043,283,13,1
1053,284,15,1
1053,285,20,1
1061,286,1,3
1061,287,19,23
1067,288,1,8
1067,289,1,2
1067,290,16,15
1076,291,5,1
1076,292,14,22
1076,293,14,16
1076,294,6,1
1079,295,3,1
1081,296,1,13
1081,297,15,1
1081,298,14,1
1084,299,1,13
1086,300,13,1
1086,301,1,13
1086,302,1,13
1089,303,1,13
1097,304,13,1
1099,305,1,13
1107,306,13,1
1111,307,23,16
1115,308,1,13
1118,309,20,22
1128,310,25,17
1128,311,16,17
1131,312,10,1
1142,313,21,1
1142,314,1,13
1142,315,1,13
1144,316,14,1
1144,317,1,13
1148,318,18,16
1148,319,1,8
1148,320,8,1
1151,321,13,1
1151,322,13,1
1151,323,1,13
1157,324,18,15
1158,325,18,23
1164,326,1,13
1171,327,18,14
1171,328,1,13
1174,329,6,1
1174,330,1,6
1179,331,1,13
1182,332,13,1
1189,333,11,1
1200,334,1,9
1201,335,1,13
1207,336,13,1
1215,337,20,1
1219,338,15,1
1219,339,1,10
1225,340,25,14
1228,341,22,21
1228,342,24,15
1234,343,25,18
1234,344,13,1
1241,345,13,1
1241,346,13,1
1245,347,1,13
1245,348,9,1
1246,349,10,1
1250,350,17,1
1258,351,13,1
1262,352,7,1
1267,353,1,13
1267,354,16,1
1285,355,10,1
1302,356,13,1
1307,357,22,20
1307,358,7,1
1309,359,16,1
1309,360,1,7
1311,361,13,1
1318,362,14,1
1318,363,1,4
1322,364,13,1
1327,365,1,4
1332,366,24,1
1337,367,14,21
1339,368,8,1
1353,369,1,13
1354,370,1,13
1354,371,21,1
1360,372,1,13
1362,373,13,1
1367,374,20,24
1375,375,25,21
1380,376,1,13
1383,377,1,8
1390,378,11,1
1399,379,1,13
1407,380,13,1
1407,381,19,14
1416,382,1,8
1417,383,20,24
1422,384,16,1
1424,385,1,13
1430,386,13,1
1432,387,23,17
1438,388,1,12
1442,389,22,1
1445,390,16,1
1446,391,11,1
1451,392,22,1
1451,393,1,13
1453,394,20,25
1453,395,1,13
1453,396,25,1
1456,397,13,1
1459,398,2,9
1462,399,1,13
1472,400,13,1
1472,401,1,2
1474,402,19,21
1477,403,13,1
1481,404,13,1
1481,405,1,8
1485,406,18,1
1489,407,1,13
1494,408,6,1
1494,409,3,1
1494,410,17,1
1494,411,15,16
1506,412,13,1
1511,413,1,5
1511,414,13,1
1511,415,1,13
1526,416,13,1
1539,417,1,13
1551,418,1,13
1560,419,1,13
1560,420,4,1
1562,421,13,1
1562,422,1,13
1570,423,25,14
1570,424,13,1
1572,425,1,13
1572,426,1,13
1577,427,1,13
1578,428,13,1
1578,429,25,21
1580,430,21,17
1584,431,13,1
1584,432,13,1
1596,433,1,13
1596,434,17,21
1596,435,13,1
1602,436,1,5
1608,437,20,16
1621,438,13,1
1624,439,24,1
1624,440,1,13
1631,441,13,1
1635,442,21,16
1645,443,25,22
1651,444,19,1
1657,445,1,13
1664,446,1,5
1666,447,11,1
1666,448,1,13
1666,449,25,1
1666,450,1,13
1666,451,24,25
1666,452,6,1
1670,453,6,1
1679,454,22,1
1679,455,12,1
1681,456,22,24
1689,457,1,13
1689,458,13,1
1694,459,1,13
1694,460,13,1
1696,461,1,13
1701,462,1,13
1701,463,1,13
1710,464,18,20
1716,465,13,1
1724,466,1,13
1724,467,13,1
1734,468,1,13
1734,469,13,1
1734,470,13,1
1735,471,1,13
1744,472,1,13
1744,473,1,13
1747,474,9,1
1752,475,13,1
1752,476,7,1
1755,477,19,1
1760,478,1,7
1760,479,1,8
1770,480,14,1
1771,481,1,13
1771,482,22,19
1776,483,5,1
1776,484,13,1
1782,485,5,1
1798,486,13,1
1802,487,1,13
1802,488,1,4
1809,489,1,13
1809,490,1,8
1810,491,1,9
1813,492,1,13
1821,493,6,1
1824,494,1,3
1825,495,13,1
1836,496,6,1
1836,497,13,1
1836,498,23,18
1840,499,25,19